r1,r10,rC1,rC2,rL,rM,rN,rO,rVL
r1,0,59,64,9,60,46,24,26,26
r10,59,0,57,56,51,66,77,49,56
rC1,64,57,0,45,66,67,29,33,18
rC2,9,56,45,0,42,48,56,37,91
rL,60,51,66,42,0,29,21,67,63
rM,46,66,67,48,29,0,52,51,73
rN,24,77,29,56,21,52,0,76,53
rO,26,49,33,37,67,51,76,0,65
rVL,26,56,18,91,63,73,53,65,0
