10,14,15,C1,H,L,M,O,DTM,HTM,VL
10,0,26,63,55,39,72,86,49,51,69,21
14,26,0,90,37,55,90,36,43,30,43,67
15,63,90,0,60,75,91,69,81,49,56,11
C1,55,37,60,0,65,59,35,46,41,52,77
H,39,55,75,65,0,59,30,47,44,74,50
L,72,90,91,59,59,0,45,58,41,19,57
M,86,36,69,35,30,45,0,19,42,69,36
O,49,43,81,46,47,58,19,0,61,63,53
DTM,51,30,49,41,44,41,42,61,0,27,30
HTM,69,43,56,52,74,19,69,63,27,0,55
VL,21,67,11,77,50,57,36,53,30,55,0
