10,14,15,C1,L,M,O,B,A
10,0,37,29,40,45,16,24,49,43
14,37,0,12,40,63,30,47,50,30
15,29,12,0,45,86,29,75,49,41
C1,40,40,45,0,34,73,83,30,52
L,45,63,86,34,0,9,57,31,27
M,16,30,29,73,9,0,22,48,72
O,24,47,75,83,57,22,0,87,61
B,49,50,49,30,31,48,87,0,58
A,43,30,41,52,27,72,61,58,0
